
#---------------------------------------------------------

#5		# lighted smooth shaded section
#2

112 87
0.000000 -0.200000 -25.400000 -0.000139 -0.307296 -0.951614
0.000000 -0.500000 -6.400000 -0.000185 -0.990834 0.135086
1.700000 0.000000 -19.500000 0.985131 -0.095716 -0.142674
1.532000 0.694000 -19.500000 0.878216 0.445977 -0.172747
1.060000 1.251000 -19.500000 0.589526 0.780137 -0.209393
0.378000 1.560000 -19.500000 0.205580 0.951242 -0.229946
-0.378000 1.560000 -19.500000 -0.206180 0.952915 -0.222360
-1.060000 1.251000 -19.500000 -0.591624 0.783060 -0.191831
-1.532000 0.694000 -19.500000 -0.880333 0.447226 -0.158122
-1.700000 0.000000 -19.500000 -0.985905 -0.094652 -0.137960
-1.532000 -0.369000 -19.500000 -0.746994 -0.656462 -0.105153
-1.060000 -0.664000 -19.500000 -0.386533 -0.919576 -0.070513
-0.379000 -0.829000 -19.500000 -0.118346 -0.991366 -0.056466
0.378000 -0.829000 -19.500000 0.117494 -0.991469 -0.056434
1.060000 -0.665000 -19.500000 0.386872 -0.919426 -0.070613
1.531000 -0.369000 -19.500000 0.747089 -0.656362 -0.105103
1.700000 0.000000 -15.000000 0.978651 0.197205 -0.057892
1.700000 0.000000 -15.000000 0.739990 -0.670784 0.049635
1.532000 1.041000 -15.000000 0.917272 0.391346 -0.073893
1.060000 1.876000 -15.000000 0.702707 0.702358 -0.113563
0.378000 2.340000 -15.000000 0.208399 0.963675 -0.167037
-0.378000 2.340000 -15.000000 -0.209378 0.966007 -0.151626
-1.060000 1.877000 -15.000000 -0.703762 0.704196 -0.093953
-1.532000 1.042000 -15.000000 -0.917847 0.391769 -0.063827
-1.700000 0.000000 -15.000000 -0.979007 0.197214 -0.051492
-1.700000 0.000000 -15.000000 -0.741039 -0.669616 0.049768
-1.532000 -0.369000 -15.000000 -0.750138 -0.658413 0.061522
-1.060000 -0.664000 -15.000000 -0.387430 -0.921322 0.032620
-0.379000 -0.829000 -15.000000 -0.118536 -0.992715 0.021590
0.378000 -0.829000 -15.000000 0.117682 -0.992817 0.021567
1.060000 -0.665000 -15.000000 0.387775 -0.921174 0.032693
1.531000 -0.369000 -15.000000 0.750224 -0.658318 0.061488
1.341000 2.111000 -10.700000 0.715284 0.694321 -0.079294
0.479000 2.633000 -10.700000 0.268193 0.960710 -0.071476
-0.479000 2.633000 -10.700000 -0.267983 0.960358 -0.076799
-1.341000 2.111000 -10.700000 -0.714512 0.693644 -0.091270
2.600000 0.000000 -6.400000 0.983241 0.176366 -0.046169
2.600000 0.000000 -6.400000 0.925646 -0.357634 -0.123604
2.343000 1.302000 -6.400000 0.932120 0.360176 -0.037753
1.621000 2.345000 -6.400000 0.694834 0.718927 -0.018726
0.579000 2.925000 -6.400000 0.260066 0.965571 -0.006154
-0.578000 2.925000 -6.400000 -0.259754 0.965606 -0.011525
-1.621000 2.346000 -6.400000 -0.694581 0.718764 -0.030584
-2.342000 1.302000 -6.400000 -0.931804 0.359922 -0.046879
-2.600000 0.000000 -6.400000 -0.982934 0.176616 -0.051461
-2.600000 0.000000 -6.400000 -0.922587 -0.356306 -0.147916
-2.343000 -1.128000 -6.400000 -0.823583 -0.565901 0.038291
-1.621000 -2.032000 -6.400000 -0.495762 -0.867309 0.044661
-0.579000 -2.535000 -6.400000 -0.164924 -0.985496 0.039984
0.578000 -2.535000 -6.400000 0.164489 -0.984985 0.052429
1.621000 -2.033000 -6.400000 0.494834 -0.865548 0.077242
2.342000 -1.129000 -6.400000 0.822579 -0.564088 0.071895
2.600000 0.000000 0.000000 0.977995 0.207885 0.017596
2.600000 0.000000 0.000000 0.974760 -0.222753 0.014947
2.343000 1.128000 0.000000 0.911040 0.411632 0.023764
1.621000 2.033000 0.000000 0.647557 0.761160 0.036130
0.579000 2.535000 0.000000 0.236672 0.970558 0.044750
0.000000 2.535000 0.000000 0.000000 0.999191 0.040229
-0.578000 2.535000 0.000000 -0.236367 0.970754 0.042047
-1.621000 2.033000 0.000000 -0.647725 0.761272 0.030281
-2.342000 1.128000 0.000000 -0.911144 0.411639 0.019251
-2.600000 0.000000 0.000000 -0.977872 0.208667 0.014948
-2.600000 0.000000 0.000000 -0.974905 -0.222119 0.014962
-2.343000 -1.128000 0.000000 -0.900788 -0.433989 0.015325
-1.621000 -2.032000 0.000000 -0.623495 -0.781677 0.015317
-0.579000 -2.535000 0.000000 -0.222950 -0.974709 0.015346
0.578000 -2.535000 0.000000 0.222388 -0.974838 0.015343
1.621000 -2.033000 0.000000 0.623309 -0.781826 0.015330
2.342000 -1.129000 0.000000 0.900794 -0.433977 0.015326
2.100000 0.000000 16.299999 0.997503 -0.000104 0.070631
1.892000 0.911000 16.299999 0.898727 0.432782 0.070632
1.309000 1.642000 16.299999 0.621827 0.779965 0.070613
0.467000 2.047000 16.299999 0.221890 0.972511 0.070624
0.000000 2.047000 16.299999 0.000000 0.998437 0.055889
-0.467000 2.047000 16.299999 -0.221799 0.972533 0.070609
-1.309000 1.642000 16.299999 -0.621886 0.779918 0.070607
-1.892000 0.911000 16.299999 -0.898711 0.432820 0.070604
-2.100000 0.000000 16.299999 -0.997506 0.000210 0.070585
-1.892000 -0.911000 16.299999 -0.898762 -0.432716 0.070595
-1.310000 -1.642000 16.299999 -0.622036 -0.779796 0.070634
-0.468000 -2.047000 16.299999 -0.222079 -0.972466 0.070639
0.467000 -2.047000 16.299999 0.221799 -0.972533 0.070609
1.309000 -1.642000 16.299999 0.621650 -0.780105 0.070626
1.892000 -0.912000 16.299999 0.898625 -0.432993 0.070636
1.500000 0.000000 21.700001 0.993880 0.000118 0.110465
1.351000 0.651000 21.700001 0.895432 0.431280 0.110451
0.935000 1.173000 21.700001 0.619480 0.777208 0.110413
0.334000 1.462000 21.700001 0.220934 0.969018 0.110418
-0.334000 1.462000 21.700001 -0.220934 0.969019 0.110412
-0.935000 1.173000 21.700001 -0.619479 0.777207 0.110430
-1.351000 0.651000 21.700001 -0.895433 0.431280 0.110441
-1.500000 0.000000 21.700001 -0.993890 -0.000001 0.110374
-1.352000 -0.651000 21.700001 -0.895617 -0.430904 0.110412
-0.935000 -1.173000 21.700001 -0.619797 -0.776940 0.110527
-0.334000 -1.462000 21.700001 -0.220932 -0.969014 0.110459
0.333000 -1.462000 21.700001 0.220934 -0.969019 0.110412
0.935000 -1.173000 21.700001 0.619215 -0.777411 0.110471
1.351000 -0.651000 21.700001 0.895335 -0.431468 0.110505
2.200000 -2.000000 -11.800000 0.939986 0.334231 0.068673
2.100000 -1.100000 -11.800000 0.654777 0.735784 0.172882
1.372000 -1.218000 -11.800000 0.000000 0.000000 0.000000
0.490000 -1.025000 -11.800000 0.023173 0.995240 -0.094657
-0.489000 -1.025000 -11.800000 -0.023159 0.995240 -0.094662
-1.371000 -1.218000 -11.800000 0.000000 0.000000 0.000000
-2.100000 -1.100000 -11.800000 -0.654767 0.735795 0.172877
-2.200000 -2.000000 -11.800000 -0.941994 0.333286 0.039594
-1.982000 -2.434000 -11.800000 -0.723832 -0.685744 0.076308
-1.372000 -2.782000 -11.800000 -0.357242 -0.929896 0.087591
-0.490000 -2.975000 -11.800000 -0.107191 -0.991096 0.078989
0.489000 -2.975000 -11.800000 0.106685 -0.988888 0.103535
1.371000 -2.782000 -11.800000 0.353771 -0.923032 0.151189
1.982000 -2.434000 -11.800000 0.718953 -0.680183 0.143031
3  0 6 5
3  0 5 4
3  0 4 3
3  0 3 2
3  0 2 15
3  0 15 14
3  0 14 13
3  0 13 12
3  0 7 6
3  0 8 7
3  0 9 8
3  0 10 9
3  0 11 10
3  0 12 11
4  5 6 21 20
4  4 5 20 19
4  3 4 19 18
4  2 3 18 16
4  15 2 17 31
4  14 15 31 30
4  13 14 30 29
4  12 13 29 28
4  6 7 22 21
4  7 8 23 22
4  8 9 24 23
4  9 10 26 25
4  10 11 27 26
4  11 12 28 27
4  33 34 41 40
4  32 33 40 39
5  18 19 32 39 38
4  16 18 38 36
3  1 45 25
3  1 25 26
3  1 26 27
3  1 27 28
3  1 28 29
4  34 35 42 41
5  22 23 43 42 35
4  23 24 44 43
3  1 17 37
3  1 31 17
3  1 30 31
3  1 29 30
3  1 37 98
3  1 101 102
3  1 99 101
3  1 98 99
4  111 98 37 51
4  110 111 51 50
4  109 110 50 49
4  108 109 49 48
3  1 105 45
3  1 102 104
3  1 104 105
4  105 106 46 45
4  106 107 47 46
4  107 108 48 47
5  40 41 58 57 56
4  39 40 56 55
4  38 39 55 54
4  36 38 54 52
4  51 37 53 68
4  50 51 68 67
4  49 50 67 66
4  48 49 66 65
4  41 42 59 58
4  42 43 60 59
4  43 44 61 60
4  45 46 63 62
4  46 47 64 63
4  47 48 65 64
4  57 58 74 73
4  56 57 73 72
4  55 56 72 71
4  54 55 71 70
4  52 54 70 69
4  68 53 69 83
4  67 68 83 82
4  66 67 82 81
4  65 66 81 80
4  58 59 75 74
4  59 60 76 75
4  60 61 77 76
4  62 63 78 77
4  63 64 79 78
4  64 65 80 79
#------------
#5		# lighted smooth shaded section
#2
36  12
-1.700000 0.000000 -18.000000 0.000000 1.000000 0.000000
-1.900000 0.000000 -16.200001 0.000000 1.000000 0.000000
-2.400000 0.000000 -11.200000 0.000000 1.000000 0.000000
-3.500000 0.000000 -8.000000 0.000000 1.000000 0.000000
-3.800000 0.000000 -6.000000 0.000000 1.000000 0.000000
-3.900000 0.000000 -3.700000 0.000000 1.000000 0.000000
-3.900000 0.000000 20.100000 -0.048844 0.998806 0.000000
-2.100000 0.000000 20.100000 0.000000 1.000000 0.000000
-2.100000 0.000000 13.400000 0.000000 1.000000 0.000000
-14.600000 0.000000 5.400000 0.000000 1.000000 0.000000
-14.600000 0.000000 9.300000 0.000000 1.000000 0.000000
-3.900000 0.000000 9.300000 0.000000 1.000000 0.000000
-3.900000 0.000000 13.400000 -0.032558 0.999470 0.000000
-9.000000 -0.500000 18.000000 -0.097571 0.995229 0.000000
-9.000000 -0.500000 20.200001 -0.097571 0.995229 0.000000
1.700000 0.000000 -18.000000 0.000000 1.000000 0.000000
1.900000 0.000000 -16.200001 0.000000 1.000000 0.000000
2.400000 0.000000 -11.200000 0.000000 1.000000 0.000000
3.500000 0.000000 -8.000000 0.000000 1.000000 0.000000
3.800000 0.000000 -6.000000 0.000000 1.000000 0.000000
3.900000 0.000000 -3.700000 0.000000 1.000000 0.000000
3.900000 0.000000 20.100000 0.048844 0.998806 0.000000
2.100000 0.000000 20.100000 0.000000 1.000000 0.000000
2.100000 0.000000 13.400000 0.000000 1.000000 0.000000
14.600000 0.000000 5.400000 0.000000 1.000000 0.000000
14.600000 0.000000 9.300000 0.000000 1.000000 0.000000
3.900000 0.000000 9.300000 0.000000 1.000000 0.000000
3.900000 0.000000 13.400000 0.032558 0.999470 0.000000
9.000000 -0.500000 18.000000 0.097571 0.995229 0.000000
9.000000 -0.500000 20.200001 0.097571 0.995229 0.000000
1.700000 0.000000 -15.000000 0.000000 1.000000 0.000000
-1.700000 0.000000 -15.000000 0.000000 1.000000 0.000000
2.600000 0.000000 -6.400000 0.000000 1.000000 0.000000
-2.600000 0.000000 -6.400000 0.000000 1.000000 0.000000
2.600000 0.000000 0.000000 0.000000 1.000000 0.000000
-2.600000 0.000000 0.000000 0.000000 1.000000 0.000000
5  0 1 2 33 31
3  33 2 3
4  5 9 10 11
4  12 13 14 6
5  35 12 6 7 8
7  35 33 3 4 5 11 12
5  15 30 32 17 16
3  32 18 17
4  20 26 25 24
4  27 21 29 28
5  34 23 22 21 27
7  32 34 27 26 20 19 18

7 2
0.000000 2.300000 5.200000 1.000000 0.000000 0.000000
0.000000 4.000000 10.700000 1.000000 0.000000 0.000000
0.000000 11.000000 18.000000 1.000000 0.000000 0.000000
0.000000 11.000000 22.299999 1.000000 0.000000 0.000000
0.000000 4.000000 18.900000 1.000000 0.000000 0.000000
0.000000 2.047000 18.900000 1.000000 0.000000 0.000000
0.000000 2.047000 16.299999 1.000000 0.000000 0.000000
5  0 1 4 5 6
4  1 2 3 4
#------------
#5		# lighted smooth shaded section
#2
7 2 
0.000000 2.300000 5.200000 -1.000000 0.000000 0.000000
0.000000 4.000000 10.700000 -1.000000 0.000000 0.000000
0.000000 11.000000 18.000000 -1.000000 0.000000 0.000000
0.000000 11.000000 22.299999 -1.000000 0.000000 0.000000
0.000000 4.000000 18.900000 -1.000000 0.000000 0.000000
0.000000 2.047000 18.900000 -1.000000 0.000000 0.000000
0.000000 2.047000 16.299999 -1.000000 0.000000 0.000000
5  6 5 4 1 0
4  4 3 2 1
#5
#17
29 14
2.100000 0.000000 16.299999 0.997503 -0.000104 0.070631
1.892000 0.911000 16.299999 0.898727 0.432782 0.070632
1.309000 1.642000 16.299999 0.621827 0.779965 0.070613
0.467000 2.047000 16.299999 0.221890 0.972511 0.070624
0.000000 2.047000 16.299999 0.000000 0.998437 0.055889
-0.467000 2.047000 16.299999 -0.221799 0.972533 0.070609
-1.309000 1.642000 16.299999 -0.621886 0.779918 0.070607
-1.892000 0.911000 16.299999 -0.898711 0.432820 0.070604
-2.100000 0.000000 16.299999 -0.997506 0.000210 0.070585
-1.892000 -0.911000 16.299999 -0.898762 -0.432716 0.070595
-1.310000 -1.642000 16.299999 -0.622036 -0.779796 0.070634
-0.468000 -2.047000 16.299999 -0.222079 -0.972466 0.070639
0.467000 -2.047000 16.299999 0.221799 -0.972533 0.070609
1.309000 -1.642000 16.299999 0.621650 -0.780105 0.070626
1.892000 -0.912000 16.299999 0.898625 -0.432993 0.070636
1.500000 0.000000 21.700001 0.993880 0.000118 0.110465
1.351000 0.651000 21.700001 0.895432 0.431280 0.110451
0.935000 1.173000 21.700001 0.619480 0.777208 0.110413
0.334000 1.462000 21.700001 0.220934 0.969018 0.110418
-0.334000 1.462000 21.700001 -0.220934 0.969019 0.110412
-0.935000 1.173000 21.700001 -0.619479 0.777207 0.110430
-1.351000 0.651000 21.700001 -0.895433 0.431280 0.110441
-1.500000 0.000000 21.700001 -0.993890 -0.000001 0.110374
-1.352000 -0.651000 21.700001 -0.895617 -0.430904 0.110412
-0.935000 -1.173000 21.700001 -0.619797 -0.776940 0.110527
-0.334000 -1.462000 21.700001 -0.220932 -0.969014 0.110459
0.333000 -1.462000 21.700001 0.220934 -0.969019 0.110412
0.935000 -1.173000 21.700001 0.619215 -0.777411 0.110471
1.351000 -0.651000 21.700001 0.895335 -0.431468 0.110505
5  18 3 4 5 19
4  2 3 18 17
4  1 2 17 16
4  0 1 16 15
4  14 0 15 28
4  13 14 28 27
4  12 13 27 26
4  11 12 26 25
4  5 6 20 19
4  6 7 21 20
4  7 8 22 21
4  8 9 23 22
4  9 10 24 23
4  10 11 25 24
#------------
#5		# lighted smooth shaded section
#18

#------------
#12		# one color section
#0
47 6
-14.600000 -0.100000 5.400000 0.0 -1.0 0.0
-14.600000 -0.100000 9.300000
-3.900000 -0.100000 9.300000
-3.900000 -0.100000 13.400000
-9.000000 -0.600000 18.000000
-9.000000 -0.600000 20.200001
14.600000 -0.100000 5.400000
14.600000 -0.100000 9.300000
3.900000 -0.100000 9.300000
3.900000 -0.100000 13.400000
9.000000 -0.600000 18.000000
9.000000 -0.600000 20.200001
0.000000 -0.100000 -25.400000
1.500000 -0.100000 -19.500000
0.000000 1.460000 -19.500000
-1.500000 -0.100000 -19.500000
0.000000 -1.300000 -19.500000
2.000000 -0.100000 -15.000000
0.000000 2.240000 -15.000000
-2.000000 -0.100000 -15.000000
0.000000 -1.800000 -15.000000
2.600000 -0.100000 -6.400000
1.621000 2.245000 -6.400000
0.000000 2.825000 -6.400000
-0.578000 2.825000 -6.400000
-2.342000 1.202000 -6.400000
-2.600000 -0.100000 -6.400000
-2.343000 -1.228000 -6.400000
-0.579000 -2.635000 -6.400000
0.000000 -2.635000 -6.400000
1.621000 -2.133000 -6.400000
2.600000 -0.100000 0.000000
0.000000 2.435000 0.000000
-2.600000 -0.100000 0.000000
0.000000 -2.635000 0.000000
2.100000 -0.100000 16.299999
0.000000 1.947000 16.299999
-2.100000 -0.100000 16.299999
0.000000 -2.147000 16.299999
1.500000 -0.100000 21.700001
0.000000 1.362000 21.700001
-1.500000 -0.100000 21.700001
0.000000 -1.562000 21.700001
0.100000 2.200000 5.200000    1.0 0.0 0.0
0.100000 10.900000 18.000000
0.100000 10.900000 22.299999
0.100000 1.400000 18.900000
9  15 19 26 41 39 21 17 13 12
6  26 0 1 7 6 21
4  43 44 45 46
9  12 14 18 23 40 42 29 20 16
6  3 4 5 11 10 9
7  21 22 24 25 27 28 30

4 1
-0.100000 2.200000 5.200000    -1.0 0.0 0.0
-0.100000 10.900000 18.000000
-0.100000 10.900000 22.299999
-0.100000 1.400000 18.900000
4 0 1 2 3

#-----------------------------------------------------