
#------------------------------------------------------

30 10 
1.822030 0.000000 18.000000
-1.228810 0.000000 18.000000
-0.423725 0.000000 25.118645
1.474050 -1.070960 18.000000
-0.994125 0.722275 18.000000
-0.342800 0.249055 25.118645
0.563035 -1.732850 18.000000
-0.379720 1.168665 18.000000
-0.130935 0.402985 25.118645
-0.563035 -1.732850 18.000000
0.379720 1.168665 18.000000
0.130935 0.402985 25.118645
-1.474050 -1.070960 18.000000
0.994125 0.722275 18.000000
0.342800 0.249055 25.118645
-1.822025 0.000000 18.000000
1.228805 0.000000 18.000000
0.423720 0.000000 25.118645
-1.474050 1.070960 18.000000
0.994125 -0.722275 18.000000
0.342800 -0.249055 25.118645
-0.563035 1.732850 18.000000
0.379720 -1.168665 18.000000
0.130935 -0.402985 25.118645
0.563035 1.732850 18.000000
-0.379720 -1.168665 18.000000
-0.130935 -0.402985 25.118645
1.474050 1.070960 18.000000
-0.994125 -0.722275 18.000000
-0.342800 -0.249055 25.118645
3  0 1 2
3  3 4 5
3  6 7 8
3  9 10 11
3  12 13 14
3  15 16 17
3  18 19 20
3  21 22 23
3  24 25 26
3  27 28 29

11 10
1.822030 0.000000 18.000000
1.474050 -1.070960 18.000000
0.563035 -1.732850 18.000000
-0.563035 -1.732850 18.000000
-1.474050 -1.070960 18.000000
-1.822025 0.000000 18.000000
-1.474050 1.070960 18.000000
-0.563035 1.732850 18.000000
0.563035 1.732850 18.000000
1.474050 1.070960 18.000000
0.000000 0.000000 20.000000
3  0 1 10
3  1 2 10
3  2 3 10
3  3 4 10
3  4 5 10
3  5 6 10
3  6 7 10
3  7 8 10
3  8 9 10
3  9 0 10

11 10
1.822030 0.000000 18.000000
1.474050 -1.070960 18.000000
0.563035 -1.732850 18.000000
-0.563035 -1.732850 18.000000
-1.474050 -1.070960 18.000000
-1.822025 0.000000 18.000000
-1.474050 1.070960 18.000000
-0.563035 1.732850 18.000000
0.563035 1.732850 18.000000
1.474050 1.070960 18.000000
0.000000 0.000000 23.000000
3  0 1 10
3  1 2 10
3  2 3 10
3  3 4 10
3  4 5 10
3  5 6 10
3  6 7 10
3  7 8 10
3  8 9 10
3  9 0 10

#-------------------------------------------------------
