


#----------------------------------------------------------
12 12
1.060000 1.876000 -15.000000 0.951784 0.210017 -0.223605
0.750000 3.573000 -15.000000 0.818265 0.504154 -0.276171
0.000000 4.276000 -15.000000 0.000172 0.924593 -0.380956
-0.749000 3.573000 -15.000000 -0.813909 0.501694 -0.293009
-1.060000 1.876000 -15.000000 -0.948608 0.209477 -0.237197
1.341000 2.111000 -10.700000 0.963823 0.246925 0.100367
0.948000 3.645000 -10.700000 0.810528 0.572912 0.121721
0.000000 4.281000 -10.700000 0.000499 0.989984 0.141178
-0.948000 3.646000 -10.700000 -0.811954 0.574378 0.104026
-1.341000 2.111000 -10.700000 -0.965126 0.247097 0.086453
0.000000 2.000000 -17.400000 -0.000180 0.623398 -0.781905
0.000000 2.925000 -6.400000 0.000248 0.901681 0.432401
3  0 10 1
3  1 10 2
3  2 10 3
3  3 10 4
3  9 11 8
3  8 11 7
3  7 11 6
3  6 11 5
4  1 6 5 0
4  2 7 6 1
4  3 8 7 2
4  4 9 8 3
#------------------------------------------------------------